0 0.353424786648419 0.6191505805405542 0.09952426588090464 0.13833648971571144
0 0.3317666941145549 0.6232329864375332 0.09517822501014767 0.14047327025717427
0 0.34209901925584774 0.6049584355304752 0.09765436584282407 0.14578527461805257
0 0.26808465803519743 0.4201646232346411 0.1013688311783536 0.11147749623032843
0 0.25205933678312376 0.3975123188796714 0.09609155181280503 0.12132030952456063
0 0.26576459592559687 0.4310701769671505 0.09245573849159146 0.11678407136770712
0 0.657128615030527 0.9245306474910131 0.14555995176831665 0.17822556753113986
0 0.6974902280769781 0.9348797523791433 0.14441757278342424 0.17572830015066854
0 0.6948749344925892 0.9059961721525046 0.13685506511991233 0.18971717266362792
0 0.7931840444541751 0.6936451636768569 0.10903751455361417 0.12236747449328461
0 0.7769825738112698 0.7035845332125842 0.10708585497662113 0.12484406348575847
0 0.7966341527973517 0.6488819995374205 0.11180563276779668 0.13039711396886283
0 0.8806598458250132 0.6486614354888552 0.0897229647361797 0.11329522470432811
0 0.9176995637531276 0.6048629350687681 0.08557976395796914 0.10866108664832083
0 0.872451385368759 0.6150186602088265 0.08654932744368624 0.11715349462718146
0 0.954856549426297 0.21158667867551154 0.06136519663605502 0.09672004482952765
0 0.895232683228886 0.2071992233032735 0.06556824148957846 0.09407814793018482
0 0.8684010881986072 0.2127783421468828 0.06516867025598679 0.0924750390884918
0 0.79895277566975 0.13168604912943532 0.063420599265216 0.07678106456576655
0 0.8586416595182333 0.13035975599058466 0.0612407297706073 0.08151772192969234
0 0.8501588329620433 0.12218548953500762 0.06321097209055669 0.07666036147519174
