0 0.22817866379078056 0.12485878190535271 0.09255611347290607 0.1067581733226024
0 0.2344603653703788 0.12310057048570422 0.09427416279805542 0.10319716035278681
0 0.23243152309956405 0.13243808262581228 0.09154708623047529 0.10814111681693721
0 0.5805479337288794 0.29987776201882616 0.10398350411970152 0.12166884337455806
0 0.582102120930998 0.29256649358983694 0.10574153286668518 0.1200564856800149
0 0.5501030692448388 0.27733686545502045 0.10092108341496789 0.12074818109786954
0 0.7050483663392134 0.4924996570634772 0.07712640146600848 0.09506974463336003
0 0.7222929988803868 0.47168353366933363 0.07673894546357816 0.09358885617153827
0 0.7172602249559229 0.4968377874270513 0.08029033291383732 0.09880358697483765
0 0.7891650440647885 0.4912275424581154 0.058278402376954135 0.0752999773358659
0 0.7814099185162027 0.5009775123662875 0.062266921653407 0.0706394117640419
0 0.7710585600321153 0.5321647796750724 0.057632722246027536 0.07669889622135692
0 0.4726228311801596 0.4752709485123704 0.10425491037689923 0.13962465329452903
0 0.4839660974117592 0.47096803415943506 0.1035743942642986 0.14319829122690647
0 0.47397670254792346 0.463065693153932 0.10253599692309105 0.13548948403734964
0 0.43168575742447785 0.6015373490335383 0.09428617891485372 0.10794359650882444
0 0.4645406308782551 0.610939171553639 0.09615653286471426 0.11196090834607564
0 0.4312484648445317 0.6149073649187089 0.09195306431104101 0.11422046475584166
0 0.9536143236288139 0.8969596596245889 0.1479193309096364 0.14023477140158389
0 0.9160833100811047 0.8738886515739093 0.15487878889481638 0.13919386539609666
0 0.9439924806472133 0.8950300858001882 0.15533423283417308 0.12881934002621898
0 0.37936124990583814 0.9605624508955762 0.0870069339205974 0.13253508688856735
0 0.363700163395935 0.9229217512161881 0.08798242498390739 0.13322613041325773
0 0.3480075034418787 0.8981152028916348 0.08457791150781728 0.1300596507771826
0 0.22854647223148028 0.9571580984325063 0.11580890776607276 0.061123121200033284
0 0.22838205028804104 0.9215389260769766 0.11770413360326384 0.062212822306936116
0 0.21708135382333607 0.9851846167117796 0.12002023255880366 0.06077900793191136
