0 0.8773359421416832 0.26196155363193663 0.14908858424600815 0.12195657498476199
0 0.8937998078964458 0.24167188283157234 0.1630421750189589 0.11701777337560963
0 0.900234769108824 0.25266519302606955 0.15274261583734916 0.11579600616010273
0 0.8305249613714348 0.7209014959161868 0.170816673238704 0.11602174895504089
0 0.8294799761624382 0.7704283829802354 0.16489192725758015 0.1230278046441654
0 0.7760509395045614 0.7377688438381346 0.17105132001094928 0.11612920596237039
0 0.9310073024828585 0.9142163992154057 0.15737266238134823 0.10746267660552149
0 0.9144135271277306 0.9206054424380462 0.1574411364046168 0.110996708084194
0 0.8748494770541403 0.8540545836136392 0.16402859643269627 0.1132366987800843
0 0.5537828379137061 0.5922417270821447 0.16034296869927966 0.1227602356219428
0 0.5230276769224419 0.6081462546112323 0.15823045274057684 0.13315875507751643
0 0.545404235846727 0.648882883535846 0.1480123057806141 0.12638267904188338
0 0.45314732776099576 0.7580964210312345 0.1486379620850033 0.10505277019825422
0 0.4744245508057533 0.8082726289309196 0.14883736841011583 0.10313949239361567
0 0.468337671231295 0.7930160563853766 0.13909589594607827 0.104643302599409
0 0.5873044895674177 0.454818542991868 0.11351588813190426 0.11044366795683616
0 0.5651654070996533 0.4374186247611099 0.11326399660169441 0.10923239922185429
0 0.5646485431055555 0.45772215510293013 0.11277228765822739 0.10976938872324929
0 0.5265684001910326 0.45533392762337466 0.13042459460946523 0.07953412327480444
0 0.5176568675393177 0.44512673664968166 0.1405529783476448 0.08148625583128498
0 0.5072215500571093 0.44446490478283857 0.1337680513969765 0.07731860592910182
0 0.5753157109440596 0.07484753257640972 0.2426635133734164 0.14250499660671134
0 0.5691158844710191 0.07387771186196884 0.22903973683988035 0.13653790070293498
0 0.587487768445066 0.06984630820298939 0.24469038153266487 0.13028355679650735
0 0.33171944430988276 0.16514714370023473 0.10556248536820602 0.07768033313365147
0 0.3155054796034582 0.16832942170546797 0.10881014036460081 0.07805430464602554
0 0.3111859609393779 0.15804424394211838 0.11199827003785308 0.07726379636166679
