0 0.3989770366838445 0.9030248259957075 0.11359477095917012 0.16091351400495846
0 0.4019238187026677 0.8435011746447874 0.11248092047606778 0.16702626313489807
0 0.3993895942043198 0.8716231053957196 0.11405202740797155 0.16622150789963447
0 0.5425556733470235 0.7557515779345847 0.0982076746056949 0.1552048988387949
0 0.5556823467655676 0.7773791424731817 0.09683583417003527 0.15155775057398263
0 0.555909513627414 0.7853425719672025 0.102817055237713 0.14255410759034473
0 0.8295916733330029 0.9352802736990993 0.09687477273238801 0.1204886378183458
0 0.8444907459921733 0.8674513814799294 0.09930244650737002 0.12329240975463265
0 0.8701545623711758 0.8675462914210437 0.09650836678958549 0.1265585770757869
0 0.5718750301385734 0.903585605221024 0.18624363108247843 0.14162925705896545
0 0.6018451075629478 0.9653027235373313 0.18199540307012207 0.14060459921615356
0 0.598290566441766 0.9718122239005604 0.19931516514275363 0.15092684469426934
0 0.6617980582190537 0.7710656555531752 0.07377378488552953 0.14133186669864573
0 0.6568956048412541 0.7790954684652434 0.0729191209378917 0.13810279826747227
0 0.6409908247143767 0.7877070438145486 0.07461059422679973 0.1455514064465581
0 0.4290174198228267 0.40454758266548246 0.0765938235164219 0.10452837866543248
0 0.42306552838627814 0.402289462827023 0.07775297548179302 0.10562910345810787
0 0.4430617867396076 0.4177148204198271 0.07169287321734219 0.10563397384038416
