0 0.38266012967843854 0.33837506162694503 0.1467426616140714 0.09837722431062065
0 0.35498905380255585 0.3283175307280613 0.13883246427854512 0.10087815429358155
0 0.36695081425232257 0.3365113966931106 0.1417911270983465 0.09593962297564716
0 0.6125916903903592 0.251222484864216 0.11425277119097914 0.09817349951239077
0 0.5621913822628541 0.2496049290188213 0.11379285331933973 0.09276879092680397
0 0.5752327189454736 0.24938192771515522 0.11762291084805933 0.09459703484810794
0 0.09064028271526005 0.6675332310925126 0.17891189331888577 0.14342588907608994
0 0.0911845093188819 0.6633734764944741 0.1768529670329395 0.14642779460313832
0 0.09123981008183053 0.6420453312079163 0.18828855930778707 0.1456584266960995
0 0.31479396215269273 0.7467200557810252 0.12347305467645031 0.10821886319523483
0 0.3132355755318237 0.7419895508053845 0.12238618612477288 0.10807298825708818
0 0.3396434306363107 0.7809677846117322 0.12958525583995095 0.11049480626717784
0 0.36592800646683005 0.9197096938331155 0.11647784034066454 0.08955707510224047
0 0.3657686801440831 0.945386008716173 0.10918455920568852 0.08318467073482508
0 0.35881796903206764 0.9408691112947365 0.11448997049482779 0.08461275905629206
0 0.8107257417043198 0.9188132542856153 0.10003130490646532 0.06427510879354209
0 0.7555728995191924 0.9151162159175216 0.09700501870141741 0.0637723119188059
0 0.8232837311806395 0.9151801142568476 0.09459634699974259 0.06333885979245703
0 0.8754575097096011 0.862761076735644 0.08125711798184176 0.06308855014963384
0 0.8350438693348168 0.7970380367539065 0.07636276323927164 0.06263242853661612
0 0.8484393470211955 0.8361229388888283 0.08110391215629474 0.06351464989511729
