0 0.2515570430168957 0.08308229161965623 0.11270704532055911 0.16122867505315988
0 0.25546651163718026 0.08063660704820656 0.12147942554264132 0.15863435249128288
0 0.25472430077792024 0.07908878949489304 0.1130434936065477 0.16174265340903524
0 0.7099023009906485 0.1813025724127044 0.11946173967119186 0.16944086638778483
0 0.7555996816914292 0.19812507604605972 0.1257000747592461 0.16286960764265818
0 0.7656147315558737 0.1846016701450862 0.12558777042737598 0.1664089056668282
0 0.8937899481057427 0.10627888288811582 0.11440975630653885 0.16811280571491705
0 0.855971837827475 0.09862188474961602 0.11397401958598911 0.1700173703962328
0 0.9019482072600419 0.09824547907602288 0.10945809347844329 0.1654259833039664
0 0.6496173997321572 0.44916154876855713 0.1259313998188624 0.1566552793065192
0 0.6379440188625806 0.46778820483974237 0.13324133486130801 0.1531519643957791
0 0.6386632915108624 0.454739706203666 0.1269195892329876 0.15620809421589368
0 0.7893431423567322 0.5435594374057138 0.10635274234372012 0.13589998796859415
0 0.79445291457331 0.5560320945403572 0.11248453675184734 0.14475944693790554
0 0.8072522419837131 0.5666372457929847 0.11011708242287142 0.1379788885798807
0 0.4366584154080325 0.43183910735664166 0.10762640752391038 0.11510049139112156
0 0.4625397576443002 0.4073156002890439 0.1051130246140255 0.10734703565955986
0 0.4544239486244658 0.39668108400104074 0.10704744971827335 0.11404628666579295
0 0.43600808930063656 0.4889688798377518 0.08357606355166138 0.13623331785559886
0 0.4452718259810547 0.4917289691906853 0.07752309278980347 0.13873512416151434
0 0.4264614993869302 0.4633681648523053 0.077044686403018 0.13137569211894867
0 0.07352188778066927 0.4359617215088205 0.13126893615800864 0.22812804041170928
0 0.07135668969443112 0.4192502062849446 0.1303648946249107 0.24263680230198645
0 0.07259310709573186 0.42460154183906296 0.14223866170449875 0.22766618256912266
0 0.16476192375766835 0.6461693632773102 0.07919417932498106 0.10943977453857442
0 0.16751212777665042 0.6718911944078997 0.07813858615568259 0.11330612945970885
0 0.1696071345962413 0.7098464422537468 0.07771118325053021 0.10536389471158818
