0 0.6104553491178846 0.6408820380840639 0.1428549950624418 0.09909755422339445
0 0.6249338530591847 0.6527065176183924 0.14047624727811903 0.0996632692483299
0 0.6411854011483983 0.6916491485580509 0.13425987599020436 0.09542383840545067
0 0.41996564957443194 0.7161278250967724 0.11835397153043013 0.09430498538484283
0 0.4274324445843155 0.7356846999919081 0.1210510356973 0.09824805403269783
0 0.39529647112766264 0.7236888766288522 0.1175344859160394 0.09420476661517829
0 0.872552728318642 0.3254301726582837 0.17626182635948096 0.1373518094090781
0 0.9490083926206414 0.320144594586974 0.1783023554322277 0.14022029297280514
0 0.9167649041729151 0.3206141900851437 0.1870807510831163 0.1366014112219792
0 0.65786625973003 0.2292421798005641 0.1325532912742317 0.11024921208655623
0 0.6819083052516468 0.23106077315704385 0.12397770589672802 0.10204987364954073
0 0.6892044066535256 0.2248260830486796 0.12216338788343119 0.10273897757507963
0 0.6006676087347872 0.08685683406244055 0.10888695333735166 0.08656891525242587
0 0.6152052049694635 0.08795457471787049 0.11384218492810952 0.0907416211267945
0 0.6363316802553597 0.09572067342250991 0.1159973736141648 0.08646909674012404
0 0.2155507319905103 0.08341371396669948 0.09840770563883046 0.06558375936870081
0 0.22093967402928416 0.0839940287507494 0.0941773025194282 0.06103369014726657
0 0.2238687662722584 0.08335901624551235 0.10081959468813327 0.06251824748666285
0 0.13272243503819214 0.16026639203059906 0.07469293925194304 0.06163475365824115
0 0.13260216068147646 0.15849043813390332 0.07964339856315496 0.062245043098845515
0 0.12994824554865925 0.17148146300637196 0.07841310549501762 0.05960635203561875
