0 0.25149443371054087 0.08170663646904663 0.11677183239869453 0.16226723706757093
0 0.25222997039450595 0.08168083669734674 0.1238364067534827 0.16355582677393585
0 0.25480654177641004 0.0806441089594968 0.12372455919852766 0.14900354837697827
0 0.7353930599935755 0.1928616848485235 0.11969768386344191 0.16129419300056771
0 0.7338779589673702 0.19586873904481925 0.11598313962136962 0.16200578664115986
0 0.7482909335788877 0.18759098730312707 0.12648252174004776 0.170175482948165
0 0.8977206515599165 0.10177777563302438 0.11024608664193879 0.15683028050111172
0 0.8825415722596913 0.09821801208372764 0.11144167515840314 0.16207579938190633
0 0.9005426956694313 0.098803523357156 0.1077291953116332 0.16736204607602026
0 0.6080194737104011 0.47441178965597713 0.12820941912296988 0.1591224944915665
0 0.6122200193887246 0.44558709242291894 0.12494223804153323 0.15705463703315906
0 0.6248495295516988 0.47564528323277466 0.12312485362592908 0.15763372494591843
0 0.8237490876139222 0.5700409585958006 0.10714772456199 0.14053640047176102
0 0.7929437184997989 0.5349619149382223 0.11049852361801303 0.14246253062156755
0 0.7646288004267099 0.5559182268775572 0.11018510750190837 0.1374415530346117
0 0.44067202668611066 0.4021830138462937 0.10424331876746537 0.10788812961625202
0 0.44986734995698613 0.410523950154824 0.10435481223260062 0.1086488192465323
0 0.4374963046778233 0.4186814109972824 0.10688747153203203 0.10918200581006277
0 0.4485768757635962 0.49573805710134367 0.07909208304892586 0.13835928897325842
0 0.42985666053827326 0.4882868869270082 0.07988101041731105 0.13938249757150142
0 0.43906517830146224 0.4886548203766549 0.07985818448331478 0.13953703176163687
0 0.07390451159607167 0.44877533859446833 0.1326857941134828 0.22394837483900923
0 0.07402483795177188 0.4343799972416745 0.13473974684900114 0.24444218150683575
0 0.07008123853996939 0.4439730686580655 0.1406868443712913 0.24589599129822964
0 0.16789487356538574 0.6552302279718991 0.08276341252502968 0.10913315940089319
0 0.15645951858564744 0.6625718733029398 0.08361684006601193 0.1058425514174424
0 0.1608549197667521 0.666722550125606 0.0832970058385168 0.10954260594104166
