0 0.5732500786269368 0.1295952455274378 0.11850134512755332 0.15557631948462983
0 0.6041098689715162 0.13286638546657079 0.11025879668275307 0.15600303404418658
0 0.6095907817269977 0.12680673862055905 0.11677002473604464 0.15739733111423831
0 0.4688984120774808 0.2338022108517588 0.10172520318008789 0.15733059072080502
0 0.4440669197032854 0.23727478303332986 0.10497300513568282 0.15285317339840418
0 0.4624555460868671 0.22421688223205677 0.09902495675809894 0.14563312625857391
0 0.13299053409798173 0.08780550644873257 0.10129683652781336 0.12217883507042847
0 0.12377098686943133 0.08416069708159088 0.09325061666439603 0.12841494321051034
0 0.12997141367604376 0.08857904774993697 0.09599495206728724 0.12099104666621956
0 0.4249713730129315 0.07562898220195172 0.1981567440023868 0.14768713315864695
0 0.41178879138345487 0.07508827030988632 0.192367394410223 0.15191779709974496
0 0.40536132998423335 0.07216392463410688 0.18583111743864475 0.14995480017146523
0 0.34396837874841435 0.20568879424933945 0.07664285355168378 0.14502725410307227
0 0.32965013192889414 0.21528638566572983 0.07482139571021931 0.14443400177587212
0 0.3481843996465298 0.2102129298882619 0.07855340143127548 0.14195372529946684
0 0.5835532098678192 0.6069085176665895 0.07342621967829245 0.1033641797954983
0 0.5814925012999035 0.5986119004488764 0.0753160020679234 0.102955379885644
0 0.5467332637039624 0.6050729004074998 0.07728669738942581 0.09808518625973582
