0 0.40421771815126395 0.8770759318418172 0.11161573930731104 0.1545958762535582
0 0.382996845708826 0.8351375219966919 0.11093378368021913 0.16398865185520484
0 0.4177828133270775 0.8632060052363968 0.11386253887321623 0.1692257385728687
0 0.5613159187871012 0.8059239199220813 0.09465401480738413 0.15312950836176006
0 0.5393010040447741 0.7971398248017726 0.09706422546858919 0.1442552431007257
0 0.528388357952402 0.7563523317682451 0.09953746769270222 0.1505941481076723
0 0.8427244773639677 0.8851138777356546 0.09730683466812544 0.12307197557188093
0 0.87886917881749 0.8805705685896266 0.10151444723395733 0.12925797517610269
0 0.8616132608643844 0.8728674227914501 0.09456829761360572 0.12036612386554713
0 0.6091337865557392 0.9660382725773211 0.1928289188747491 0.14998287885137168
0 0.5760360806557779 0.970593521509841 0.19924069253829252 0.1473870252223458
0 0.5845937642136386 0.9669679627376755 0.19844324193597598 0.14496390250851987
0 0.6625345125408701 0.7996345144662077 0.07247960717788408 0.14122884712848122
0 0.6306177120138947 0.7496624714301547 0.07658365215897549 0.15105613383761843
0 0.634814721428982 0.7679824015791552 0.07569339306239323 0.14444253952139757
0 0.4360582563768348 0.4026051139383596 0.07661735433936334 0.09917483562608723
0 0.43178668513100665 0.3843387530008543 0.07218389227259928 0.09971628247629917
0 0.4230146683404851 0.38169546333807497 0.07250938329074028 0.10416228905337464
