0 0.8737247641906853 0.2433340864586401 0.10976930091735346 0.09802290240918318
0 0.8496154190167043 0.23270845232705756 0.10745639426384275 0.08919952031028482
0 0.8976563617804247 0.22983454833092493 0.10107611267916532 0.09582043035376
0 0.7154226026444092 0.5849897391113239 0.12493598421103566 0.09831643061192535
0 0.7000823014258086 0.5457290634655908 0.12215823036240644 0.10287214257738422
0 0.7290959059790808 0.5439121284850468 0.1162896387467803 0.10057057173526009
0 0.5074966964207078 0.6671071562181397 0.09977873800005517 0.07628593292804364
0 0.5323872065997572 0.6737785243707766 0.09931851875879541 0.08037080659424962
0 0.4967780672428265 0.6705612239815635 0.09502881779987205 0.07654257452528807
0 0.46695388742394106 0.7657467229465291 0.07289852163893909 0.05854791826114398
0 0.5055761320275425 0.786807873823842 0.07544718827717697 0.056969750398941255
0 0.48922637352494647 0.7697961443303747 0.0741531200080016 0.06148936669352491
0 0.5437283986999795 0.4534751160996711 0.14520311399860902 0.09837391175551824
0 0.5364491684658061 0.47310577265706893 0.14742960813192568 0.09990048023846392
0 0.5109642431895608 0.4423450805019715 0.13680599346759764 0.10367956426422252
0 0.36422915625319036 0.46452224164196987 0.11505023826910084 0.09239755946280157
0 0.3588385701299874 0.45500928156935305 0.11057998437210577 0.09353242206847916
0 0.39524952070611874 0.43385538796673095 0.11752692872255159 0.09174794579680201
0 0.11905423700988439 0.9090025006155563 0.14067427561044624 0.15411995328046402
0 0.11505411092482781 0.8730025891051569 0.12820042486595185 0.15838433885538095
0 0.11206693389669896 0.9426901152325425 0.1351527287641979 0.15011060209666502
0 0.08245338712411635 0.36740169698533903 0.12680835917687788 0.08644729235740327
0 0.08339147549885198 0.35171860723915344 0.13545905144800605 0.08757097011281229
0 0.08218818882257399 0.3743859934042809 0.1316874885994206 0.08913188411628499
0 0.030223449141419747 0.22845396606139806 0.06375947047971366 0.11612584665695692
0 0.03153450056860036 0.21696068799696053 0.06230422608024714 0.11321466278816575
0 0.031096144420562924 0.22450102098140545 0.06296610855704576 0.11052682925181477
